    0.1960    0.2370    0.1020   42.4596    2.0000
    0.2220    0.2890    0.2200   34.2149    2.0000
    0.3370    0.2450    0.1940   32.7785    3.0000
    0.3410    0.3170    0.4660   28.6864    3.0000
    0.1850    0.0880    0.1070   46.7731    4.0000
    0.1430    0.1850    0.1370   46.0228    4.0000
    0.1510    0.1290    0.0890   44.9608    5.0000
    0.2290    0.2250    0.1810   41.1383    5.0000
    0.2220    0.1400    0.1480   36.2550    6.0000
    0.3380    0.3070    0.2040   34.4990    6.0000
    0.2140    0.1710    0.1330   50.0282    7.0000
    0.1750    0.1570    0.0910   39.9543    7.0000
    0.1740    0.1490    0.0850   52.9123    8.0000
    0.1850    0.1520    0.0870   45.2035    8.0000
    0.1440    0.1250    0.1580   43.6423    9.0000
    0.2400    0.2680    0.2710   34.3983    9.0000
    0.1460    0.1370    0.2660   44.8134   10.0000
    0.2140    0.3630    0.1640   37.2073   10.0000
    0.1510    0.1130    0.0580   59.7305   11.0000
    0.1620    0.2330    0.0970   48.2517   11.0000
    0.3300    0.1770    0.4760   34.9854   12.0000
    0.5330    0.5830    0.4490   25.0258   12.0000
    0.1640    0.1100    0.1530   55.4217   13.0000
    0.2180    0.3510    0.2730   46.2411   13.0000
    0.3520    0.2700    0.2710   39.1299   14.0000
    0.2540    0.4050    0.5100   33.1719   14.0000
    0.2930    0.1510    0.1680   52.3321   15.0000
    0.2470    0.2550    0.1530   45.1649   15.0000
    0.3410    0.2320    0.4570   36.1306   16.0000
    0.4020    0.2200    0.2440   34.1558   16.0000
    0.2600    0.1270    0.0660   41.9777   17.0000
    0.2080    0.2560    0.2150   36.7245   17.0000
    0.1600    0.1200    0.1620   46.5853   18.0000
    0.1710    0.1730    0.1930   37.4159   18.0000
    0.1600    0.1200    0.1620   46.5853   18.0000
    0.1710    0.1730    0.1930   37.4159   18.0000
    0.1600    0.1420    0.1550   51.5990   19.0000
    0.2220    0.3420    0.1730   46.6018   19.0000
    0.2080    0.1510    0.1120   43.3296    2.0000
    0.2320    0.1300    0.1610   43.8423    2.0000
    0.2740    0.1580    0.1470   36.0808    3.0000
    0.3990    0.1300    0.2950   36.1230    3.0000
    0.2020    0.1650    0.1070   46.9945    4.0000
    0.1520    0.0870    0.1400   43.7966    4.0000
    0.1480    0.1880    0.0910   41.1647    5.0000
    0.1350    0.0750    0.0680   50.1302    5.0000
    0.1420    0.1460    0.0790   42.6807    6.0000
    0.2060    0.1620    0.0850   36.1932    6.0000
    0.1740    0.1910    0.2220   38.1429    7.0000
    0.2310    0.1140    0.0840   34.0348    7.0000
    0.2310    0.2670    0.0920   42.1172    8.0000
    0.2540    0.1040    0.1170   42.2604    8.0000
    0.1560    0.1080    0.1150   43.5687    9.0000
    0.2640    0.1570    0.1170   38.3110    9.0000
    0.1630    0.1030    0.1230   45.3270   10.0000
    0.2040    0.2670    0.0990   44.5565   10.0000
    0.2570    0.1370    0.0710   36.6839   11.0000
    0.2510    0.2090    0.0760   41.5435   11.0000
    0.3450    0.1450    0.3310   32.7307   12.0000
    0.3860    0.2040    0.1620   34.1804   12.0000
    0.1350    0.0900    0.2140   47.2875   13.0000
    0.2200    0.1100    0.1150   40.4280   13.0000
    0.1650    0.0860    0.1350   43.6279   14.0000
    0.2280    0.0960    0.1560   40.3773   14.0000
    0.2690    0.1450    0.1050   46.5481   15.0000
    0.2380    0.0660    0.0740   45.8423   15.0000
    0.2710    0.1210    0.1230   33.0987   16.0000
    0.2200    0.1160    0.1070   39.8722   16.0000
    0.1760    0.1510    0.0610   38.9018   17.0000
    0.1910    0.0770    0.0970   42.1475   17.0000
    0.2460    0.2240    0.1710   26.8686   18.0000
    0.2150    0.0770    0.1220   40.1303   18.0000
    0.1970    0.0850    0.0570   39.6713   19.0000
    0.2700    0.1290    0.1940   26.7590   19.0000
    0.2500    0.2630    0.2490   34.8241    2.0000
    0.2510    0.2130    0.2440   38.5681    2.0000
    0.1720    0.1370    0.1400   41.4455    4.0000
    0.1910    0.2330    0.1410   41.4200    4.0000
    0.2840    0.2660    0.1880   37.0239    5.0000
    0.2060    0.1700    0.1620   38.7335    5.0000
    0.3040    0.3340    0.1850   34.7091    6.0000
    0.2700    0.1390    0.1520   32.8102    6.0000
    0.2950    0.3160    0.2090   37.5277    7.0000
    0.2930    0.1730    0.2220   40.9629    7.0000
    0.2310    0.2200    0.1430   39.3720    8.0000
    0.1850    0.1600    0.1840   44.1526    8.0000
    0.3700    0.3540    0.2280   31.6222    9.0000
    0.3090    0.1470    0.1990   39.1063    9.0000
    0.2980    0.4180    0.1860   33.7700   10.0000
    0.3030    0.1520    0.2390   41.7920   10.0000
    0.2250    0.3080    0.1750   38.2733   11.0000
    0.2360    0.1360    0.1370   46.1496   11.0000
    0.5140    0.5700    0.5880   23.1317   12.0000
    0.5630    0.2700    0.5710   30.2026   12.0000
    0.3840    0.3800    0.4310   38.0228   13.0000
    0.2390    0.1470    0.2430   46.0725   13.0000
    0.6160    0.5580    0.9260   27.9247   14.0000
    0.4880    0.2770    0.4200   30.5379   14.0000
    0.3530    0.2360    0.3210   39.4864   15.0000
    0.2410    0.2090    0.3100   50.6933   15.0000
    0.4970    0.4660    0.4010   26.5710   16.0000
    0.4270    0.2920    0.5540   31.3872   16.0000
    0.4470    0.3390    0.2130   28.5553   17.0000
    0.2830    0.1780    0.2190   31.8002   17.0000
    0.3250    0.3050    0.3600   31.2864   18.0000
    0.2120    0.1640    0.2430   32.8499   18.0000
    0.2400    0.2160    0.1880   45.1761   19.0000
    0.2300    0.1590    0.1490   43.6188   19.0000
    0.2420    0.1470    0.1770   42.6197    5.0000
    0.2630    0.1670    0.1760   40.2063    5.0000
    0.4050    0.3980    0.3080   36.9130    6.0000
    0.2990    0.2530    0.2380   44.8596    6.0000
    0.3580    0.2410    0.2240   25.7898    7.0000
    0.2680    0.3950    0.3760   32.5301    7.0000
    0.3090    0.2730    0.2440   35.0074    8.0000
    0.3890    0.2320    0.1440   35.6663    8.0000
    0.5310    0.3900    0.2740   28.8415   10.0000
    0.6380    0.2040    0.3340   28.9756   10.0000
    0.3050    0.2500    0.1470   35.6482   11.0000
    0.3860    0.2330    0.2400   40.3274   11.0000
    0.7170    0.2310    0.5000   30.3334   12.0000
    0.4030    0.3060    0.3400   38.1482   12.0000
    0.3940    0.3020    0.4480   34.7229   13.0000
    0.3720    0.1640    0.3550   36.8848   13.0000
    0.2620    0.1500    0.1980   44.4265   15.0000
    0.2510    0.1820    0.3480   45.6590   15.0000
    0.4120    0.3890    0.2560   28.4226   17.0000
    0.3840    0.2170    0.1620   35.5952   17.0000
    0.2560    0.1770    0.1750   38.6788   18.0000
    0.2660    0.2260    0.2230   33.0559   18.0000
    0.3820    0.3640    0.2770   32.7259   19.0000
    0.5380    0.1840    0.2260   31.0820   19.0000