    0.2650    0.1980    0.3420    1.4091    4.0000
    0.4110    0.2750    0.3280    1.4656    4.0000
    0.2420    0.1480    0.1780    1.8835    5.0000
    0.2630    0.1660    0.1750    1.7852    5.0000
    0.4050    0.3990    0.3090    1.6318    6.0000
    0.2990    0.2520    0.2370    1.9906    6.0000
    0.3580    0.2400    0.2230    1.1350    7.0000
    0.2680    0.3960    0.3770    1.4287    7.0000
    0.3090    0.2750    0.2450    1.5351    8.0000
    0.3890    0.2300    0.1430    1.5728    8.0000
    0.5310    0.3920    0.2750    1.2543   10.0000
    0.6380    0.2030    0.3330    1.2657   10.0000
    0.3050    0.2490    0.1470    1.5559   11.0000
    0.3860    0.2340    0.2420    1.7518   11.0000
    0.7170    0.2290    0.4970    1.3180   12.0000
    0.4030    0.3080    0.3420    1.6481   12.0000
    0.3940    0.3000    0.4460    1.5063   13.0000
    0.3720    0.1650    0.3570    1.5916   13.0000
    0.6330    0.4430    0.3500    1.3303   14.0000
    0.4960    0.3020    0.2980    1.3778   14.0000
    0.2620    0.1490    0.1970    1.9074   15.0000
    0.2510    0.1820    0.3480    1.9573   15.0000
    0.6320    0.3200    0.2740    1.0904   16.0000
    0.3720    0.4100    0.3950    1.1471   16.0000
    0.4120    0.3870    0.2540    1.2138   17.0000
    0.3840    0.2180    0.1630    1.5133   17.0000
    0.2560    0.1760    0.1740    1.6508   18.0000
    0.2660    0.2270    0.2230    1.4054   18.0000
    0.3820    0.3630    0.2770    1.3867   19.0000
    0.5380    0.1840    0.2270    1.3145   19.0000
    0.2500    0.2610    0.2480    1.1561    2.0000
    0.2510    0.2140    0.2450    1.2739    2.0000
    0.5650    0.3610    0.6360    0.9279    3.0000
    0.5900    0.2000    0.4710    1.0814    3.0000
    0.1720    0.1350    0.1390    1.3722    4.0000
    0.1910    0.2350    0.1420    1.3603    4.0000
    0.2840    0.2650    0.1880    1.2219    5.0000
    0.2060    0.1710    0.1630    1.2740    5.0000
    0.3040    0.3330    0.1840    1.1411    6.0000
    0.2700    0.1400    0.1530    1.0759    6.0000
    0.2950    0.3160    0.2090    1.2370    7.0000
    0.2930    0.1740    0.2220    1.3466    7.0000
    0.2310    0.2190    0.1420    1.2949    8.0000
    0.1850    0.1610    0.1850    1.4425    8.0000
    0.3700    0.3510    0.2260    1.0438    9.0000
    0.3090    0.1480    0.2000    1.2812    9.0000
    0.2980    0.4180    0.1860    1.1073   10.0000
    0.3030    0.1520    0.2390    1.3693   10.0000
    0.2250    0.3090    0.1750    1.2581   11.0000
    0.2360    0.1360    0.1370    1.5185   11.0000
    0.5140    0.5730    0.5920    0.7597   12.0000
    0.5630    0.2680    0.5680    0.9977   12.0000
    0.3840    0.3810    0.4330    1.2461   13.0000
    0.2390    0.1470    0.2420    1.5160   13.0000
    0.6160    0.5600    0.9290    0.9190   14.0000
    0.4880    0.2760    0.4190    1.0078   14.0000
    0.3530    0.2370    0.3220    1.2986   15.0000
    0.2410    0.2080    0.3090    1.6718   15.0000
    0.3530    0.2370    0.3220    1.2986   15.0000
    0.2410    0.2080    0.3090    1.6718   15.0000
    0.4970    0.4660    0.4020    0.8772   16.0000
    0.4270    0.2920    0.5530    1.0371   16.0000
    0.4470    0.3400    0.2130    0.9426   17.0000
    0.2830    0.1780    0.2190    1.0527   17.0000
    0.3250    0.3050    0.3590    1.0329   18.0000
    0.2120    0.1650    0.2440    1.0819   18.0000
    0.2400    0.2160    0.1890    1.4990   19.0000
    0.2300    0.1590    0.1490    1.4489   19.0000
    0.2080    0.1510    0.1120    0.8640    2.0000
    0.2320    0.1300    0.1610    0.8752    2.0000
    0.2740    0.1580    0.1470    0.7115    3.0000
    0.3990    0.1300    0.2950    0.7124    3.0000
    0.2020    0.1650    0.1070    0.9186    4.0000
    0.1520    0.0860    0.1400    0.8587    4.0000
    0.1480    0.1870    0.0900    0.8030    5.0000
    0.1350    0.0760    0.0690    0.9722    5.0000
    0.1420    0.1460    0.0790    0.8241    6.0000
    0.2060    0.1620    0.0850    0.6984    6.0000
    0.1740    0.1900    0.2210    0.7347    7.0000
    0.2310    0.1150    0.0840    0.6535    7.0000
    0.2310    0.2680    0.0920    0.8005    8.0000
    0.2540    0.1040    0.1170    0.8051    8.0000
    0.1560    0.1080    0.1150    0.8246    9.0000
    0.2640    0.1560    0.1170    0.7265    9.0000
    0.1630    0.1020    0.1220    0.8558   10.0000
    0.2040    0.2680    0.1000    0.8389   10.0000
    0.2570    0.1370    0.0710    0.6899   11.0000
    0.2510    0.2090    0.0760    0.7805   11.0000
    0.3450    0.1440    0.3300    0.6133   12.0000
    0.3860    0.2050    0.1620    0.6388   12.0000
    0.1350    0.0890    0.2140    0.8756   13.0000
    0.2200    0.1100    0.1150    0.7467   13.0000
    0.1650    0.0860    0.1350    0.8042   14.0000
    0.2280    0.0960    0.1560    0.7438   14.0000
    0.2690    0.1450    0.1040    0.8243   15.0000
    0.2380    0.0670    0.0750    0.8081   15.0000
    0.1650    0.0860    0.1350    0.8042   14.0000
    0.2280    0.0960    0.1560    0.7438   14.0000
    0.2690    0.1450    0.1040    0.8243   15.0000
    0.2380    0.0670    0.0750    0.8081   15.0000
    0.2710    0.1200    0.1220    0.5545   16.0000
    0.2200    0.1170    0.1070    0.6654   16.0000
    0.1760    0.1500    0.0600    0.6108   17.0000
    0.1910    0.0780    0.0980    0.6556   17.0000
    0.2460    0.2220    0.1700    0.3915   18.0000
    0.2150    0.0770    0.1230    0.5801   18.0000
    0.1970    0.0840    0.0570    0.5376   19.0000
    0.2700    0.1300    0.1950    0.3597   19.0000
    0.1960    0.2370    0.1020    1.4952    2.0000
    0.2220    0.2900    0.2200    1.2032    2.0000
    0.3370    0.2460    0.1950    1.1461    3.0000
    0.3410    0.3170    0.4660    1.0037    3.0000
    0.1850    0.0880    0.1070    1.6312    4.0000
    0.1430    0.1860    0.1370    1.6027    4.0000
    0.1510    0.1290    0.0890    1.5608    5.0000
    0.2290    0.2250    0.1810    1.4297    5.0000
    0.2220    0.1400    0.1480    1.2574    6.0000
    0.3380    0.3070    0.2040    1.1984    6.0000
    0.2140    0.1710    0.1330    1.7371    7.0000
    0.1750    0.1570    0.0910    1.3881    7.0000
    0.1740    0.1490    0.0850    1.8427    8.0000
    0.1850    0.1520    0.0880    1.5716    8.0000
    0.1440    0.1250    0.1580    1.5243    9.0000
    0.2400    0.2680    0.2710    1.2013    9.0000
    0.1460    0.1370    0.2660    1.5680   10.0000
    0.2140    0.3630    0.1640    1.3024   10.0000
    0.1510    0.1130    0.0580    2.0854   11.0000
    0.1620    0.2330    0.0970    1.6848   11.0000
    0.3300    0.1770    0.4760    1.2197   12.0000
    0.5330    0.5830    0.4490    0.8724   12.0000
    0.1640    0.1090    0.1530    1.9286   13.0000
    0.2180    0.3520    0.2740    1.6064   13.0000
    0.3520    0.2700    0.2710    1.3564   14.0000
    0.2540    0.4050    0.5090    1.1514   14.0000
    0.2930    0.1510    0.1690    1.8054   15.0000
    0.2470    0.2550    0.1530    1.5615   15.0000
    0.3410    0.2320    0.4590    1.2431   16.0000
    0.4020    0.2200    0.2430    1.1782   16.0000
    0.2600    0.1270    0.0650    1.4400   17.0000
    0.2080    0.2560    0.2150    1.2584   17.0000
    0.1600    0.1200    0.1630    1.5875   18.0000
    0.1710    0.1720    0.1920    1.2797   18.0000
    0.1600    0.1430    0.1550    1.7509   19.0000
    0.2220    0.3410    0.1720    1.5859   19.0000